3,0, 0, 0, 3.00000000000000
3,0, 0, 0, 10.0000000000000
3,
3,0, 0, 0, 5.00000000000000
3,0, 0, 0, 3.00000000000000
3,1, 0, 0, -1.00000000000000, 0, 0, 0, 10.0000000000000
3,0, 0, 0, 4.03655273437500e7
3,0, 0, 1, 5.76650390625000e6, 0, 0, 0, -1.72995117187500e7
3,0, 0, 0, 5.76650390625000e6
3,0, 0, 0, 2.88325195312500e7
3,0, 0, 1, 8.97011718750000e6, 0, 0, 2, -640722.656250000
3,0, 0, 1, -1.28144531250000e6, 0, 0, 0, 8.97011718750000e6
3,1, 0, 0, -5.76650390625000e6, 0, 0, 0, 4.03655273437500e7
3,0, 0, 1, 5.76650390625000e6, 0, 0, 0, -1.72995117187500e7
3,0, 0, 0, 5.76650390625000e6
3,0, 0, 0, 4.03655273437500e7
3,0, 0, 0, 2.88325195312500e7
3,1, 0, 0, -5.76650390625000e6, 0, 0, 0, 4.03655273437500e7
3,0, 0, 0, 3.00000000000000
3,0, 0, 0, 10.0000000000000
3,
3,0, 0, 0, 5.00000000000000
3,0, 0, 0, 3.00000000000000
3,1, 0, 0, -1.00000000000000, 0, 0, 0, 10.0000000000000
